1, 98
3, 98
2, 98
4, 98
5, 98
5, 98
6, 98
7, 98
8, 98
8, 98
9, 98
9, 98
10, 98
10, 98
10, 96
10, 95
10, 94
10, 93
10, 92
10, 91
10, 90
10, 89
1, 87
1, 88
1, 89
1, 90
1, 90
1, 91
1, 91
1, 92
1, 92
1, 93
1, 93
1, 94
1, 94
1, 95
1, 96
1, 97
1, 97
8, 96
8, 96
7, 96
7, 96
7, 96
6, 96
6, 96
5, 96
5, 96
5, 96
4, 96
4, 96
3, 96
3, 96
3, 96
3, 96
2, 96
2, 96
8, 95
8, 95
8, 94
8, 93
8, 92
8, 92
8, 91
8, 90
8, 89
8, 89
7, 89
6, 89
5, 89
4, 89
4, 89
3, 89
3, 89
2, 89
2, 89
2, 89
1, 95
1, 95
1, 95
3, 86
1, 86
2, 86
4, 86
5, 86
5, 86
6, 86
6, 86
8, 86
7, 86
9, 86
10, 86
10, 88
8, 88
4, 88
3, 88
2, 88
5, 88
6, 88
7, 88
7, 92
7, 92
7, 92
6, 92
6, 92
5, 92
4, 92
4, 92
3, 92
3, 92
3, 92
2, 92
2, 92
2, 92
28, 93
27, 93
26, 93
24, 93
24, 93
23, 93
22, 93
22, 93
21, 93
21, 93
20, 92
20, 91
20, 90
20, 88
20, 87
20, 86
20, 85
20, 83
20, 84
20, 82
20, 81
20, 81
20, 80
20, 79
20, 78
20, 77
99, 0
20, 93
29, 93
29, 93
30, 93
31, 93
32, 93
20, 98
21, 98
22, 98
23, 98
24, 98
25, 98
26, 98
27, 98
28, 98
29, 98
29, 98
30, 98
30, 98
31, 98
32, 98
33, 98
34, 98
35, 98
36, 98
36, 98
36, 97
36, 96
36, 96
36, 95
36, 94
36, 94
36, 93
36, 92
36, 91
36, 89
36, 89
25, 93
35, 89
34, 89
33, 89
33, 89
33, 89
32, 89
31, 89
30, 89
20, 89
20, 94
20, 95
20, 96
20, 97
26, 97
26, 96
26, 95
26, 95
26, 94
26, 96
30, 88
30, 87
30, 87
30, 86
30, 85
30, 84
30, 83
30, 82
30, 81
30, 80
21, 83
22, 83
23, 83
24, 83
25, 83
26, 83
26, 84
26, 84
26, 84
26, 85
26, 85
26, 86
26, 86
26, 87
26, 87
26, 88
26, 88
26, 89
26, 90
25, 90
25, 90
25, 90
24, 90
24, 90
23, 89
23, 89
23, 90
22, 90
22, 90
22, 90
22, 90
22, 90
21, 90
21, 90
21, 90
21, 90
24, 91
24, 92
21, 78
21, 78
21, 78
22, 78
22, 78
23, 78
23, 78
24, 78
25, 78
26, 78
26, 78
26, 78
26, 81
26, 82
26, 80
26, 79
20, 78
20, 79
20, 79
32, 94
32, 95
32, 96
32, 97
2, 92
2, 92
3, 92
3, 92
3, 92
4, 92
4, 92
4, 92
5, 92
5, 92
6, 92
6, 92
7, 92
7, 92
7, 92
31, 80
32, 80
33, 80
33, 80
34, 80
35, 80
35, 80
36, 80
36, 80
37, 80
38, 80
39, 80
40, 80
41, 80
42, 80
43, 80
43, 80
44, 80
45, 80
45, 80
45, 81
45, 81
45, 81
45, 82
45, 82
45, 83
45, 83
45, 83
45, 83
45, 83
45, 84
45, 84
45, 84
45, 85
45, 85
45, 86
45, 86
45, 87
45, 87
45, 88
45, 88
45, 90
45, 90
45, 90
45, 90
45, 90
45, 91
45, 92
45, 93
45, 94
45, 95
45, 95
45, 96
45, 96
45, 97
45, 97
45, 97
45, 97
45, 98
45, 98
46, 98
47, 98
48, 98
49, 98
50, 98
51, 98
53, 98
52, 98
54, 98
54, 98
46, 90
47, 90
47, 90
47, 90
48, 90
48, 90
48, 90
48, 90
49, 90
49, 90
49, 90
49, 90
50, 90
50, 90
51, 90
51, 90
51, 90
52, 90
52, 90
52, 90
52, 90
53, 90
53, 90
54, 90
54, 90
54, 90
54, 91
54, 91
54, 92
54, 92
54, 92
54, 93
54, 94
54, 95
54, 96
54, 96
54, 96
54, 97
54, 97
48, 89
48, 88
48, 88
48, 87
48, 87
48, 87
48, 86
48, 86
48, 85
48, 85
48, 84
48, 84
48, 83
48, 83
48, 82
48, 82
48, 82
48, 81
48, 81
48, 80
48, 80
48, 80
49, 82
50, 82
51, 82
51, 82
52, 82
52, 82
52, 82
52, 82
53, 82
53, 82
54, 82
54, 82
54, 82
54, 82
54, 82
54, 81
54, 81
54, 81
54, 80
54, 80
53, 80
54, 80
49, 85
49, 85
50, 85
51, 85
52, 85
53, 85
53, 85
54, 85
54, 86
54, 86
54, 86
54, 87
54, 87
54, 87
54, 87
54, 88
54, 88
54, 88
54, 88
54, 89
54, 89
54, 83
54, 84
54, 84
51, 85
51, 85
30, 78
30, 79
31, 78
32, 78
33, 78
34, 78
35, 78
36, 78
36, 79
36, 77
36, 76
84, 79
84, 78
84, 77
84, 76
84, 75
84, 74
84, 73
84, 71
84, 70
84, 69
84, 68
84, 67
84, 66
84, 65
84, 64
84, 63
84, 62
84, 62
84, 61
84, 60
84, 59
84, 58
84, 57
84, 56
84, 55
84, 54
84, 53
84, 52
84, 51
84, 51
84, 50
84, 49
84, 48
84, 47
84, 46
84, 45
84, 44
84, 43
84, 42
84, 41
84, 40
84, 39
84, 38
84, 37
84, 36
84, 35
84, 34
84, 33
84, 33
84, 32
84, 31
84, 30
83, 30
82, 30
81, 30
80, 30
79, 30
78, 30
77, 30
76, 30
75, 30
74, 30
73, 30
72, 30
71, 30
69, 30
68, 30
67, 30
67, 30
66, 30
65, 30
64, 30
64, 30
63, 30
62, 30
62, 31
62, 32
62, 33
62, 34
62, 35
62, 36
62, 37
62, 38
62, 39
62, 40
62, 41
62, 42
62, 43
62, 44
62, 45
62, 46
62, 49
62, 50
62, 51
62, 52
62, 53
62, 53
62, 54
62, 55
62, 56
62, 57
62, 58
62, 59
61, 59
60, 59
59, 59
57, 59
56, 59
55, 59
54, 59
53, 59
52, 59
51, 59
50, 59
49, 59
48, 59
47, 59
46, 59
45, 59
44, 59
43, 59
42, 59
41, 59
40, 59
39, 59
38, 59
37, 59
35, 59
34, 59
33, 59
33, 58
33, 57
33, 56
33, 55
33, 54
33, 54
33, 53
33, 52
33, 51
33, 50
32, 50
32, 49
32, 49
32, 48
32, 47
32, 46
33, 46
33, 45
34, 45
34, 45
35, 45
35, 46
36, 46
36, 46
37, 46
38, 46
39, 46
40, 46
41, 46
42, 46
43, 46
44, 46
45, 46
46, 46
47, 46
48, 46
49, 46
50, 46
51, 46
52, 46
54, 46
55, 46
56, 46
56, 45
56, 44
56, 43
56, 42
56, 41
56, 41
56, 40
56, 39
56, 38
56, 37
56, 37
56, 36
56, 36
56, 35
56, 34
56, 33
56, 33
56, 32
56, 31
56, 30
55, 30
54, 30
53, 30
52, 30
51, 30
51, 30
50, 30
49, 30
48, 30
47, 30
46, 30
45, 30
44, 30
43, 30
42, 30
41, 30
40, 30
39, 30
38, 30
37, 30
36, 30
35, 30
34, 30
33, 30
32, 30
32, 30
31, 30
30, 30
29, 30
29, 30
28, 30
27, 30
26, 30
25, 30
24, 30
23, 30
22, 30
22, 31
22, 32
22, 33
22, 34
21, 34
20, 34
19, 34
19, 35
19, 36
19, 37
19, 38
19, 39
19, 40
19, 41
19, 42
19, 43
19, 44
19, 45
19, 46
19, 47
19, 48
19, 49
19, 50
20, 50
21, 50
22, 50
22, 51
22, 52
22, 53
22, 54
22, 55
22, 56
22, 57
22, 58
22, 59
21, 59
20, 59
19, 59
18, 59
16, 59
16, 50
16, 49
16, 48
16, 47
14, 47
13, 47
13, 47
12, 47
11, 47
10, 47
9, 47
8, 47
7, 47
6, 47
5, 47
4, 47
3, 47
2, 47
2, 48
2, 49
2, 50
2, 51
2, 51
2, 52
2, 53
2, 54
2, 55
2, 56
2, 57
2, 58
2, 59
2, 60
2, 61
2, 62
2, 63
2, 64
2, 65
2, 66
2, 67
2, 68
2, 69
2, 70
2, 71
2, 71
2, 72
2, 73
2, 74
2, 75
2, 76
2, 77
2, 78
2, 79
3, 79
4, 79
5, 79
6, 79
7, 79
8, 79
9, 79
10, 79
11, 79
12, 79
13, 79
14, 79
14, 78
18, 78
19, 78
3, 63
3, 63
4, 63
4, 63
4, 63
5, 63
5, 63
5, 63
6, 63
6, 63
6, 63
6, 63
7, 63
7, 63
7, 63
7, 63
14, 63
14, 63
14, 63
14, 63
13, 63
13, 63
13, 63
12, 63
12, 63
12, 63
11, 63
11, 63
10, 63
10, 63
10, 63
9, 63
9, 63
8, 63
8, 63
16, 50
3, 68
3, 68
3, 68
4, 68
5, 68
5, 68
5, 68
6, 68
7, 68
7, 68
9, 68
9, 68
9, 68
10, 68
10, 68
11, 68
12, 68
12, 68
13, 68
13, 68
13, 68
8, 68
8, 68
13, 69
13, 69
13, 69
13, 70
13, 70
13, 71
13, 71
13, 71
13, 73
13, 73
13, 74
13, 74
13, 75
13, 76
13, 76
13, 77
13, 77
13, 78
13, 78
13, 78
9, 78
9, 77
9, 77
9, 76
9, 75
9, 74
9, 74
9, 73
9, 71
9, 71
9, 70
9, 70
9, 70
9, 70
9, 69
10, 71
11, 71
11, 71
12, 71
12, 71
9, 69
9, 69
9, 69
10, 74
11, 74
12, 74
12, 74
11, 71
11, 71
9, 64
9, 65
9, 65
8, 65
8, 65
7, 65
6, 65
6, 65
5, 65
4, 65
3, 65
3, 65
22, 60
22, 60
22, 61
21, 51
21, 52
21, 53
21, 53
21, 54
21, 54
21, 55
21, 56
21, 57
21, 57
21, 58
21, 58
21, 58
9, 72
13, 72
13, 72
15, 63
15, 62
15, 61
15, 61
15, 61
15, 60
15, 59
15, 59
15, 58
15, 57
15, 57
15, 56
15, 56
15, 55
15, 54
15, 53
15, 52
15, 51
15, 50
15, 49
15, 49
15, 48
15, 48
15, 47
15, 47
99, 0
99, 0
17, 59
17, 59
16, 78
16, 78
17, 78
16, 71
16, 71
16, 71
16, 72
16, 72
16, 73
16, 73
16, 73
16, 74
16, 74
16, 75
16, 75
16, 76
16, 76
16, 77
16, 77
16, 77
17, 71
18, 71
19, 71
20, 71
21, 71
21, 71
15, 64
15, 65
16, 65
16, 66
16, 67
16, 67
17, 67
17, 67
18, 67
18, 67
18, 67
19, 67
19, 67
20, 67
21, 67
22, 62
22, 62
22, 63
22, 63
22, 63
22, 64
22, 64
22, 65
22, 67
22, 66
22, 71
22, 72
22, 74
22, 74
22, 75
22, 76
22, 76
22, 77
22, 73
26, 67
26, 66
26, 65
26, 64
26, 64
26, 63
26, 63
26, 62
26, 62
26, 61
26, 60
26, 59
26, 58
26, 57
26, 56
26, 56
26, 55
26, 54
26, 53
26, 53
26, 52
26, 51
26, 51
26, 50
26, 50
26, 49
26, 48
26, 48
26, 47
26, 46
26, 45
26, 44
26, 43
26, 42
26, 41
26, 40
26, 38
26, 39
26, 37
26, 68
26, 69
26, 69
26, 69
26, 70
26, 71
26, 71
26, 72
26, 73
26, 74
26, 74
26, 75
27, 75
27, 75
27, 75
28, 75
28, 75
29, 75
29, 75
31, 75
31, 75
31, 75
33, 75
33, 75
34, 75
35, 75
35, 75
36, 75
36, 75
36, 75
32, 75
30, 75
20, 76
20, 76
20, 75
20, 74
20, 74
20, 73
20, 73
20, 73
20, 72
20, 72
21, 78
17, 62
17, 61
17, 63
17, 63
17, 64
17, 64
17, 64
18, 65
17, 65
17, 60
22, 60
22, 60
17, 65
22, 49
22, 49
22, 48
22, 47
22, 47
22, 47
21, 47
21, 47
20, 47
20, 47
20, 47
20, 47
20, 44
21, 44
22, 44
22, 44
22, 45
22, 45
22, 45
22, 46
23, 34
23, 34
24, 34
27, 34
27, 34
26, 34
26, 34
26, 34
26, 34
25, 34
25, 34
28, 34
28, 34
29, 34
29, 34
29, 34
30, 34
30, 34
30, 34
30, 34
30, 34
31, 34
31, 34
31, 34
31, 34
32, 34
32, 34
32, 34
32, 34
33, 34
33, 34
33, 34
34, 34
34, 34
35, 34
35, 34
35, 34
36, 34
36, 34
36, 34
36, 34
37, 34
37, 34
38, 34
38, 34
38, 34
39, 34
40, 34
40, 34
41, 34
41, 34
41, 34
44, 34
44, 34
44, 34
45, 34
46, 34
45, 34
43, 34
43, 34
43, 34
42, 34
42, 34
42, 34
47, 34
48, 34
49, 34
49, 34
50, 34
50, 45
50, 45
50, 45
50, 44
50, 43
50, 42
50, 42
50, 41
50, 41
50, 41
50, 40
50, 39
50, 39
50, 39
50, 37
50, 37
50, 37
50, 37
50, 37
50, 38
50, 38
27, 37
27, 37
29, 37
29, 37
30, 37
31, 37
30, 37
28, 37
32, 37
32, 37
33, 37
34, 37
34, 37
35, 37
35, 37
37, 37
38, 37
38, 37
39, 37
39, 37
39, 37
38, 37
36, 37
40, 37
41, 37
42, 37
42, 37
43, 37
44, 37
46, 37
47, 37
48, 37
49, 37
45, 37
52, 34
52, 34
53, 34
53, 34
54, 34
54, 34
55, 34
55, 34
51, 34
25, 31
25, 31
25, 33
25, 33
25, 32
25, 32
40, 31
40, 31
40, 32
40, 32
40, 32
40, 33
40, 33
44, 31
44, 31
44, 32
44, 33
44, 33
46, 30
40, 45
40, 45
40, 45
40, 44
40, 44
40, 44
40, 44
40, 42
40, 42
40, 42
40, 41
40, 41
40, 40
40, 40
40, 40
40, 39
40, 39
40, 38
40, 38
40, 43
50, 41
50, 40
46, 30
46, 30
35, 44
35, 44
35, 43
35, 43
35, 42
35, 42
35, 41
35, 40
35, 40
35, 39
35, 39
35, 38
35, 38
35, 44
35, 44
31, 41
31, 41
32, 41
32, 41
33, 41
33, 41
34, 41
34, 41
30, 41
30, 41
29, 41
29, 41
29, 41
28, 41
28, 41
28, 41
27, 41
27, 41
32, 45
32, 45
31, 45
30, 45
30, 45
29, 45
29, 45
29, 45
28, 45
27, 45
27, 45
34, 46
34, 46
31, 50
30, 50
30, 50
29, 50
29, 50
28, 50
28, 50
27, 50
27, 50
32, 59
32, 59
31, 59
30, 59
30, 59
30, 59
29, 59
29, 59
29, 59
29, 59
28, 59
28, 59
27, 59
27, 59
33, 60
33, 61
33, 61
33, 62
33, 63
33, 63
33, 64
33, 66
33, 66
33, 66
33, 66
33, 66
33, 66
33, 65
33, 65
33, 67
33, 67
33, 68
33, 69
33, 69
33, 70
33, 71
33, 73
33, 73
33, 73
33, 74
33, 73
33, 72
33, 72
33, 71
26, 72
26, 73
26, 73
26, 72
37, 75
38, 75
39, 75
40, 75
41, 75
42, 75
43, 75
44, 75
44, 75
45, 75
53, 80
53, 80
53, 80
52, 80
52, 80
51, 80
51, 80
51, 80
50, 80
50, 80
49, 80
49, 80
49, 80
49, 80
49, 80
55, 82
55, 82
56, 82
56, 82
57, 82
58, 82
59, 82
59, 82
60, 82
61, 82
61, 82
62, 82
62, 82
63, 82
63, 82
63, 82
65, 82
66, 82
67, 82
68, 82
69, 82
69, 82
70, 82
71, 82
64, 82
64, 82
72, 82
72, 82
73, 82
73, 82
73, 82
74, 82
75, 82
76, 82
76, 82
77, 82
78, 82
78, 82
78, 82
78, 82
79, 82
80, 82
81, 82
81, 82
82, 82
82, 82
83, 82
83, 82
84, 82
84, 82
84, 82
84, 80
84, 81
54, 75
54, 76
54, 76
54, 77
54, 77
54, 78
54, 78
54, 78
54, 78
54, 79
54, 79
54, 79
54, 79
84, 72
39, 74
39, 73
39, 72
39, 71
39, 71
39, 70
38, 70
37, 70
37, 70
36, 70
36, 70
34, 70
34, 70
35, 70
46, 70
46, 70
46, 70
45, 70
45, 70
45, 70
44, 70
44, 70
44, 70
44, 70
43, 70
42, 70
42, 70
42, 70
41, 70
41, 70
41, 70
41, 70
41, 70
40, 70
47, 70
48, 70
49, 70
50, 70
50, 70
51, 70
53, 70
54, 70
56, 70
55, 70
57, 70
58, 70
59, 70
61, 70
62, 70
60, 70
62, 60
62, 62
62, 63
62, 64
62, 64
62, 66
62, 67
62, 67
62, 67
62, 68
62, 68
62, 69
62, 69
62, 65
62, 61
55, 75
56, 75
57, 75
58, 75
59, 75
60, 75
61, 75
62, 75
63, 75
64, 75
65, 75
66, 75
67, 75
68, 75
68, 75
76, 81
76, 81
76, 80
76, 80
76, 80
76, 79
76, 79
76, 79
76, 78
76, 78
76, 77
76, 76
76, 76
76, 76
76, 76
76, 75
76, 75
70, 75
70, 75
71, 75
71, 75
72, 75
72, 75
73, 75
74, 75
75, 75
75, 75
69, 75
72, 76
72, 76
72, 76
72, 77
72, 77
72, 77
72, 78
72, 78
72, 78
72, 78
73, 78
74, 78
74, 78
74, 78
75, 78
75, 78
71, 74
71, 73
73, 72
73, 72
76, 72
76, 73
76, 74
76, 74
76, 74
75, 73
75, 73
74, 73
74, 73
73, 73
73, 73
73, 73
72, 73
72, 73
77, 73
77, 73
78, 73
79, 73
80, 73
80, 73
80, 73
81, 73
81, 73
82, 73
82, 73
83, 73
83, 73
80, 74
80, 75
80, 75
80, 76
80, 76
80, 76
81, 76
81, 76
81, 76
82, 76
82, 76
83, 76
83, 76
83, 76
63, 70
64, 70
64, 70
65, 70
66, 70
67, 70
68, 70
68, 70
68, 70
69, 70
63, 59
63, 59
64, 59
65, 59
65, 59
66, 59
67, 59
67, 59
67, 59
68, 59
68, 59
68, 59
68, 59
68, 59
69, 59
69, 59
69, 59
69, 60
69, 60
69, 60
69, 60
69, 60
69, 60
69, 61
69, 62
69, 62
69, 63
69, 64
69, 65
69, 65
69, 66
69, 67
69, 69
69, 69
69, 69
69, 68
69, 68
69, 68
72, 70
72, 70
73, 70
73, 70
74, 70
74, 70
75, 70
76, 70
77, 70
79, 70
81, 70
82, 70
83, 70
83, 70
83, 70
82, 70
82, 70
81, 70
80, 70
80, 70
79, 70
78, 70
69, 58
69, 57
69, 56
69, 55
69, 54
69, 53
69, 52
69, 52
69, 51
69, 50
69, 49
68, 49
68, 49
68, 49
68, 49
67, 49
67, 49
67, 49
67, 49
67, 49
66, 49
65, 49
65, 49
64, 49
64, 49
64, 49
64, 49
63, 49
63, 49
63, 46
63, 46
63, 46
63, 46
63, 46
64, 46
65, 46
66, 46
67, 46
68, 46
68, 46
68, 46
68, 46
69, 46
70, 46
71, 46
71, 46
72, 46
73, 46
73, 46
74, 46
74, 46
75, 46
76, 46
77, 46
78, 46
79, 46
79, 46
72, 49
72, 49
73, 49
73, 49
73, 49
73, 49
74, 49
74, 49
75, 49
75, 49
76, 49
76, 49
77, 49
77, 49
78, 49
78, 49
78, 49
79, 49
79, 49
79, 49
79, 49
79, 48
79, 48
79, 47
79, 47
72, 50
72, 50
72, 51
72, 51
72, 52
72, 52
72, 53
72, 53
72, 53
72, 54
72, 54
72, 55
72, 55
72, 55
72, 56
72, 57
72, 57
72, 58
72, 58
72, 58
72, 58
72, 59
72, 59
72, 60
72, 60
72, 61
72, 62
72, 62
72, 63
72, 63
72, 64
72, 65
72, 65
72, 65
72, 66
72, 66
72, 67
72, 67
72, 68
72, 68
72, 69
72, 69
77, 69
77, 68
77, 67
77, 66
77, 65
77, 64
77, 63
77, 63
78, 63
78, 63
78, 63
78, 63
79, 63
79, 63
79, 63
80, 63
80, 63
81, 63
81, 63
81, 63
81, 63
82, 63
82, 63
82, 63
83, 63
83, 63
83, 63
83, 63
76, 64
75, 64
75, 65
74, 65
73, 65
72, 67
72, 72
72, 72
71, 72
74, 72
74, 72
74, 72
75, 72
75, 72
73, 60
73, 60
74, 60
75, 60
76, 60
76, 60
76, 60
77, 60
77, 60
77, 61
77, 61
77, 62
77, 62
77, 56
77, 56
77, 57
77, 57
77, 58
77, 58
77, 59
77, 59
76, 56
76, 56
75, 56
75, 56
75, 56
74, 56
74, 56
74, 56
74, 56
73, 56
73, 56
73, 56
77, 58
75, 52
76, 52
74, 52
73, 52
73, 52
73, 52
72, 52
77, 52
77, 52
77, 53
77, 53
77, 54
77, 54
77, 55
77, 55
72, 55
73, 58
73, 58
74, 58
76, 58
75, 58
72, 55
73, 59
74, 59
74, 59
75, 59
76, 59
72, 55
73, 59
72, 55
83, 49
81, 49
80, 49
82, 49
77, 62
84, 50
77, 54
77, 54
77, 53
77, 53
84, 50
77, 62
77, 62
79, 45
79, 45
79, 45
79, 44
79, 44
79, 43
79, 43
80, 43
80, 43
82, 43
82, 43
82, 43
83, 43
83, 43
83, 43
81, 43
72, 45
72, 44
72, 43
72, 42
72, 41
72, 40
72, 39
72, 38
72, 37
72, 36
71, 36
71, 36
69, 36
68, 36
68, 36
67, 36
67, 36
69, 36
69, 36
70, 36
70, 36
69, 36
68, 36
67, 36
67, 36
66, 36
65, 36
65, 36
64, 36
64, 36
64, 36
64, 36
63, 36
72, 35
72, 34
73, 34
73, 34
74, 34
74, 34
75, 34
76, 33
76, 32
76, 32
76, 31
76, 31
76, 31
73, 36
73, 36
74, 36
75, 36
75, 36
75, 36
76, 36
76, 36
77, 36
77, 36
78, 36
79, 36
79, 37
79, 37
79, 37
79, 38
79, 39
79, 40
79, 41
79, 41
79, 41
79, 42
79, 43
79, 31
79, 32
78, 33
78, 33
79, 34
79, 35
79, 35
79, 36
79, 35
79, 35
79, 33
79, 33
79, 33
75, 33
76, 34
77, 34
77, 34
78, 34
78, 34
78, 34
78, 34
79, 35
82, 43
72, 37
68, 36
69, 36
66, 30
66, 30
67, 30
67, 30
68, 30
68, 30
40, 80
21, 75
