3, 90
3, 91
3, 91
4, 91
5, 91
5, 91
4, 91
3, 90
3, 90
3, 90
4, 90
4, 90
5, 90
5, 90
5, 90
5, 90
5, 90
6, 90
6, 91
6, 91
6, 91
7, 91
7, 91
7, 90
7, 90
7, 91
7, 93
7, 93
7, 93
7, 94
7, 94
7, 95
7, 95
6, 95
5, 95
4, 95
3, 95
2, 94
2, 94
2, 94
2, 91
2, 90
2, 90
2, 93
2, 93
2, 93
2, 94
2, 95
2, 95
3, 94
3, 94
3, 94
3, 93
4, 93
4, 93
4, 94
4, 94
5, 94
5, 94
6, 94
6, 94
6, 94
6, 93
6, 93
5, 93
5, 93
5, 93
7, 89
6, 89
6, 89
6, 89
5, 89
5, 89
4, 89
4, 89
4, 89
4, 89
2, 89
2, 89
2, 89
2, 89
3, 89
3, 89
2, 89
25, 94
25, 94
25, 94
24, 94
24, 94
23, 94
21, 94
21, 94
22, 94
22, 94
21, 94
21, 94
21, 95
21, 95
21, 96
21, 96
21, 96
21, 97
21, 97
21, 97
21, 97
22, 97
22, 97
23, 97
24, 97
24, 97
25, 97
25, 97
25, 97
25, 96
25, 95
25, 95
25, 95
25, 95
24, 95
24, 95
24, 95
23, 95
22, 95
21, 95
21, 95
22, 95
23, 95
23, 95
24, 96
24, 96
24, 96
23, 96
23, 96
22, 96
22, 96
22, 96
27, 94
27, 94
28, 94
29, 94
30, 94
30, 94
31, 94
31, 97
31, 97
30, 97
29, 97
28, 97
28, 97
28, 97
28, 97
27, 97
27, 97
27, 96
27, 95
27, 95
27, 95
27, 95
27, 95
27, 95
28, 96
28, 96
28, 96
28, 96
28, 95
28, 95
29, 95
29, 95
30, 95
30, 95
31, 96
31, 96
30, 96
30, 96
31, 95
31, 95
31, 95
31, 95
29, 95
29, 96
29, 96
23, 92
23, 92
23, 92
22, 92
22, 92
22, 92
21, 92
21, 91
21, 91
21, 91
21, 91
22, 91
22, 91
22, 91
22, 91
23, 91
25, 89
25, 88
25, 87
25, 87
25, 85
25, 84
25, 84
25, 84
25, 85
25, 86
25, 86
25, 86
24, 87
24, 88
24, 88
24, 88
24, 88
24, 88
23, 89
23, 89
23, 89
24, 89
24, 89
25, 89
24, 89
24, 89
23, 89
22, 89
22, 89
22, 89
21, 89
21, 89
21, 88
21, 88
21, 87
21, 87
21, 87
21, 87
21, 86
21, 86
21, 85
21, 85
21, 84
21, 84
21, 84
22, 84
22, 84
23, 84
23, 84
23, 84
23, 84
24, 84
24, 84
24, 85
24, 85
24, 85
24, 85
24, 86
24, 86
23, 87
23, 87
23, 87
23, 87
23, 88
22, 88
22, 88
22, 87
22, 87
22, 86
22, 86
22, 85
22, 85
23, 84
23, 84
23, 85
23, 86
23, 86
25, 79
25, 79
24, 79
24, 79
23, 79
23, 79
23, 79
22, 79
22, 79
21, 79
21, 79
21, 79
21, 79
22, 81
22, 81
21, 80
21, 80
21, 79
21, 79
21, 80
22, 80
22, 80
23, 80
23, 80
24, 80
25, 80
25, 80
25, 80
25, 80
25, 81
25, 82
25, 82
24, 82
24, 82
24, 82
23, 82
23, 82
22, 82
22, 82
22, 82
22, 82
21, 82
21, 82
21, 81
21, 81
21, 81
22, 81
23, 81
23, 81
23, 81
23, 81
23, 81
24, 81
24, 81
53, 97
53, 97
52, 97
52, 97
52, 97
51, 96
51, 96
51, 96
50, 96
50, 96
49, 96
49, 96
49, 96
49, 96
50, 97
50, 97
50, 97
51, 97
47, 92
47, 92
47, 91
47, 91
46, 91
46, 91
46, 91
46, 92
46, 93
46, 93
46, 93
46, 94
46, 95
46, 95
46, 95
46, 96
46, 96
46, 96
46, 96
46, 97
46, 97
46, 97
47, 97
48, 97
48, 97
49, 97
49, 97
49, 96
48, 95
48, 95
48, 95
48, 96
47, 96
47, 95
47, 95
47, 95
47, 94
47, 93
47, 93
47, 92
48, 92
48, 92
48, 93
48, 93
48, 94
50, 95
51, 95
51, 95
51, 95
51, 95
51, 95
50, 95
50, 95
49, 95
49, 94
49, 94
49, 94
49, 93
49, 93
49, 93
49, 92
49, 92
49, 92
49, 92
49, 91
49, 91
49, 91
49, 91
48, 91
48, 91
50, 91
50, 91
50, 91
51, 91
51, 91
53, 91
53, 91
53, 91
53, 91
53, 91
53, 91
52, 91
52, 91
52, 91
51, 91
51, 91
50, 92
50, 92
50, 92
50, 92
50, 92
50, 93
50, 93
50, 94
51, 94
51, 93
51, 93
51, 93
51, 92
51, 92
52, 92
52, 92
53, 92
53, 92
53, 92
53, 92
53, 93
53, 93
53, 94
53, 94
53, 94
53, 95
53, 95
53, 95
53, 95
53, 95
53, 95
52, 96
52, 96
52, 96
52, 95
52, 94
52, 94
52, 93
52, 93
52, 93
52, 94
52, 95
52, 95
52, 96
52, 96
52, 96
53, 96
53, 96
53, 81
53, 81
53, 81
53, 81
52, 81
52, 81
51, 81
51, 81
51, 81
51, 81
49, 81
50, 81
53, 84
52, 84
50, 84
50, 84
50, 84
49, 84
49, 84
49, 84
49, 84
49, 84
49, 84
51, 84
53, 83
53, 83
52, 83
52, 83
51, 83
51, 83
51, 83
50, 83
50, 83
50, 83
49, 83
49, 83
49, 86
49, 87
49, 88
49, 88
49, 88
49, 88
49, 88
49, 89
49, 89
49, 89
50, 89
50, 89
50, 89
51, 89
51, 89
52, 88
52, 88
53, 88
53, 88
53, 88
53, 89
53, 89
53, 89
53, 89
53, 89
53, 89
52, 89
52, 89
52, 89
51, 89
51, 88
51, 88
51, 87
51, 87
50, 87
50, 87
50, 87
50, 87
50, 88
50, 88
50, 86
51, 86
51, 86
51, 86
51, 86
52, 86
52, 86
53, 86
53, 86
53, 87
53, 87
53, 87
53, 87
53, 87
52, 87
52, 87
52, 87
52, 87
35, 79
35, 79
34, 79
34, 79
34, 79
34, 79
34, 79
34, 79
34, 79
33, 79
33, 79
31, 79
32, 79
14, 48
14, 48
14, 48
12, 48
10, 48
12, 48
13, 48
13, 48
12, 48
11, 48
11, 48
10, 48
10, 48
9, 48
9, 48
8, 48
7, 48
6, 48
5, 48
5, 48
4, 48
4, 48
3, 49
3, 49
3, 48
3, 48
3, 48
3, 48
4, 48
4, 48
4, 48
4, 49
4, 50
5, 49
5, 49
6, 49
7, 49
8, 49
9, 49
13, 49
13, 49
14, 49
14, 49
12, 49
12, 49
12, 49
12, 49
12, 49
11, 49
10, 49
10, 49
10, 49
10, 49
9, 50
8, 50
7, 50
7, 50
7, 50
6, 50
6, 50
5, 50
5, 50
4, 50
4, 50
4, 50
4, 50
3, 50
3, 50
5, 51
5, 51
6, 51
6, 51
6, 50
7, 50
7, 50
8, 50
9, 50
9, 50
9, 50
10, 50
11, 50
12, 50
13, 50
14, 50
13, 51
13, 51
13, 51
14, 51
13, 51
13, 51
12, 51
12, 51
11, 51
11, 51
11, 51
11, 51
11, 51
10, 51
8, 51
8, 51
8, 51
7, 51
6, 51
6, 51
9, 51
4, 51
4, 51
4, 51
3, 51
3, 51
3, 51
3, 51
3, 51
3, 52
3, 52
3, 53
3, 53
3, 54
3, 54
3, 54
3, 54
3, 55
3, 55
4, 55
4, 55
4, 55
5, 55
6, 55
7, 55
9, 55
10, 55
11, 55
12, 55
13, 55
13, 55
14, 55
14, 55
14, 55
14, 54
14, 53
14, 53
14, 53
14, 52
13, 54
13, 54
13, 54
13, 53
13, 51
13, 51
13, 52
13, 52
13, 51
12, 51
12, 52
12, 53
12, 52
12, 52
12, 52
11, 53
10, 54
10, 54
11, 53
12, 53
12, 54
12, 55
11, 54
11, 53
11, 53
10, 54
10, 54
9, 54
10, 54
11, 54
10, 54
8, 53
10, 53
10, 53
8, 53
8, 53
13, 53
7, 52
11, 52
9, 52
9, 52
11, 52
9, 52
5, 52
9, 53
11, 53
11, 53
10, 53
10, 52
10, 52
10, 52
7, 51
6, 51
6, 51
7, 52
8, 52
8, 53
8, 53
8, 54
8, 55
8, 55
8, 55
8, 55
8, 54
8, 54
8, 54
7, 54
7, 54
7, 54
6, 54
6, 54
5, 54
4, 54
4, 54
4, 54
4, 54
4, 53
4, 52
4, 52
4, 52
4, 52
6, 52
6, 52
6, 52
6, 52
7, 52
7, 52
7, 53
7, 53
7, 53
7, 53
6, 53
5, 53
5, 53
5, 53
5, 53
5, 53
3, 56
5, 56
6, 56
6, 56
6, 56
4, 56
7, 56
7, 56
9, 56
10, 56
10, 56
11, 56
12, 56
14, 56
14, 56
14, 56
14, 56
14, 57
14, 57
14, 57
14, 57
11, 57
13, 57
12, 57
13, 56
8, 56
10, 57
9, 57
9, 57
8, 57
8, 57
8, 57
7, 57
6, 57
5, 57
5, 57
4, 57
4, 57
4, 57
3, 57
3, 57
3, 57
3, 57
3, 58
3, 58
3, 58
3, 59
4, 59
4, 59
5, 59
6, 59
7, 59
7, 59
8, 59
10, 59
10, 59
11, 59
12, 59
13, 59
13, 59
13, 59
13, 59
13, 59
13, 59
13, 59
14, 59
14, 59
14, 58
14, 58
12, 58
11, 57
10, 57
10, 58
9, 58
10, 58
11, 58
13, 58
13, 58
11, 58
10, 58
9, 58
7, 58
7, 58
6, 58
5, 58
4, 58
4, 58
5, 58
7, 58
8, 58
9, 58
9, 58
9, 59
9, 59
9, 59
3, 60
3, 60
3, 60
3, 61
3, 61
4, 62
4, 62
4, 62
5, 62
5, 61
4, 59
4, 59
4, 60
4, 60
4, 61
5, 60
5, 60
5, 60
5, 60
5, 60
5, 60
4, 61
3, 61
3, 61
3, 62
3, 62
4, 62
6, 62
6, 62
7, 61
8, 61
8, 61
9, 61
9, 61
9, 62
8, 62
7, 62
7, 62
7, 62
7, 62
6, 60
6, 60
7, 60
8, 59
9, 59
9, 59
9, 60
9, 60
9, 60
9, 60
9, 60
9, 60
8, 60
6, 61
10, 60
11, 60
11, 60
11, 60
12, 60
13, 60
14, 60
14, 60
14, 60
14, 61
14, 61
13, 61
13, 61
13, 61
10, 62
10, 62
10, 62
10, 62
11, 62
12, 62
13, 62
14, 62
11, 61
10, 61
12, 61
8, 69
7, 69
6, 69
6, 69
6, 69
5, 69
5, 69
4, 69
4, 69
3, 69
3, 69
3, 69
3, 69
3, 70
3, 71
3, 71
3, 71
4, 70
4, 70
5, 70
5, 70
5, 70
6, 70
6, 70
7, 70
7, 70
7, 70
7, 70
8, 70
8, 70
8, 71
8, 71
8, 71
8, 71
5, 71
5, 71
5, 71
4, 71
4, 71
5, 71
6, 71
7, 71
7, 71
7, 71
7, 72
8, 72
8, 72
8, 72
8, 73
8, 73
8, 73
8, 74
8, 74
8, 74
7, 73
7, 73
7, 73
6, 72
5, 72
4, 72
3, 72
3, 72
4, 72
4, 72
4, 73
3, 73
3, 73
3, 73
4, 73
5, 73
6, 73
6, 73
4, 73
6, 74
7, 74
7, 74
7, 74
6, 74
7, 74
6, 74
6, 74
5, 74
4, 74
4, 74
3, 74
3, 74
3, 74
3, 74
3, 75
3, 75
3, 76
3, 76
3, 77
3, 77
3, 78
3, 78
4, 78
4, 78
5, 78
6, 78
6, 78
7, 78
8, 78
8, 78
8, 77
8, 76
8, 75
8, 74
7, 76
7, 77
7, 76
7, 75
7, 75
7, 76
6, 75
6, 75
5, 77
5, 77
6, 75
6, 76
6, 76
6, 77
6, 76
6, 75
6, 75
6, 76
5, 77
5, 77
5, 74
5, 74
5, 75
4, 76
4, 77
4, 77
4, 76
4, 75
4, 74
4, 75
4, 75
4, 76
5, 77
5, 77
5, 77
5, 76
5, 75
12, 70
12, 70
12, 70
11, 70
11, 70
10, 70
10, 70
10, 69
10, 69
10, 69
10, 69
11, 69
11, 69
11, 69
11, 69
11, 69
12, 69
12, 69
12, 69
12, 69
10, 72
11, 72
12, 72
12, 73
11, 73
10, 73
10, 75
10, 75
12, 75
12, 75
12, 75
12, 75
12, 76
12, 76
12, 76
12, 77
12, 77
12, 77
12, 77
12, 77
12, 78
11, 78
10, 78
10, 78
10, 78
10, 78
10, 78
10, 77
10, 77
10, 76
10, 76
10, 76
11, 75
11, 75
11, 76
11, 76
11, 77
11, 77
11, 77
3, 64
3, 64
3, 64
3, 64
4, 64
5, 64
5, 64
5, 64
5, 64
6, 64
6, 64
6, 64
7, 64
7, 64
7, 64
7, 64
8, 64
8, 64
12, 72
19, 72
19, 72
18, 72
18, 72
18, 72
17, 72
17, 72
17, 72
17, 72
17, 73
17, 73
18, 73
18, 73
19, 73
19, 73
19, 73
19, 73
19, 74
19, 74
19, 74
19, 75
19, 76
19, 77
19, 77
19, 77
19, 77
18, 77
18, 77
17, 77
17, 76
17, 75
17, 75
17, 74
17, 74
17, 74
18, 74
18, 76
18, 76
18, 75
18, 75
21, 72
21, 72
21, 73
21, 74
21, 75
21, 76
21, 76
21, 77
16, 61
16, 61
16, 61
16, 61
16, 61
16, 62
16, 62
16, 63
16, 63
16, 64
16, 60
16, 60
18, 60
19, 60
19, 60
20, 60
21, 60
21, 60
21, 60
21, 60
21, 61
21, 61
21, 61
21, 61
21, 62
21, 62
21, 63
21, 63
21, 64
21, 65
21, 65
21, 66
21, 66
21, 66
21, 66
20, 66
20, 66
20, 66
20, 66
18, 66
18, 66
17, 66
17, 66
18, 66
19, 66
19, 66
19, 66
19, 66
19, 65
20, 65
20, 65
20, 65
20, 65
20, 65
20, 64
20, 64
20, 64
20, 63
20, 62
20, 61
19, 61
19, 61
19, 61
19, 61
19, 61
18, 61
18, 61
18, 62
18, 63
18, 64
18, 64
18, 64
17, 65
17, 66
19, 64
18, 65
17, 65
18, 64
18, 64
19, 63
19, 62
19, 62
20, 48
21, 48
21, 49
20, 49
20, 49
21, 46
21, 46
20, 46
20, 46
20, 45
21, 45
24, 31
24, 31
23, 31
23, 31
23, 31
23, 31
23, 32
23, 32
23, 32
23, 33
23, 33
23, 33
23, 33
24, 33
24, 33
24, 33
24, 32
24, 32
26, 31
26, 31
26, 32
26, 32
26, 32
26, 33
26, 33
26, 33
27, 33
27, 33
28, 33
29, 33
30, 33
30, 33
30, 33
32, 33
33, 33
33, 33
34, 33
35, 33
37, 33
38, 33
39, 33
39, 33
39, 33
39, 32
39, 32
39, 32
39, 32
39, 32
39, 31
39, 31
38, 31
38, 31
37, 31
37, 31
36, 31
36, 31
35, 31
35, 31
34, 31
33, 31
32, 31
31, 31
30, 31
29, 31
28, 31
28, 31
28, 31
28, 31
28, 31
27, 31
27, 31
26, 31
27, 31
27, 31
27, 32
27, 32
27, 32
28, 32
29, 32
30, 32
30, 32
30, 32
30, 33
31, 33
31, 32
31, 32
32, 32
32, 32
32, 32
33, 32
34, 32
35, 32
35, 32
36, 32
36, 32
36, 33
36, 33
37, 33
37, 32
38, 32
37, 32
37, 32
37, 32
43, 33
43, 33
41, 32
41, 32
42, 32
42, 32
43, 32
42, 31
43, 31
43, 31
43, 31
43, 31
43, 31
42, 31
42, 31
41, 31
41, 31
41, 31
41, 33
42, 33
45, 31
45, 31
46, 31
47, 31
47, 31
48, 31
48, 31
49, 31
50, 31
50, 31
51, 31
51, 31
51, 31
52, 31
53, 31
53, 31
54, 31
55, 31
55, 32
55, 32
55, 32
55, 33
55, 33
55, 33
55, 33
54, 33
54, 33
54, 33
53, 33
53, 33
53, 33
53, 33
53, 33
52, 33
52, 33
52, 33
52, 33
52, 33
51, 33
51, 33
50, 33
50, 33
50, 33
50, 33
48, 33
48, 33
47, 33
47, 33
47, 33
47, 33
47, 33
46, 33
46, 33
46, 33
45, 33
45, 33
45, 33
45, 33
45, 33
45, 32
45, 32
45, 32
45, 32
46, 32
46, 32
46, 32
47, 31
47, 31
47, 31
49, 32
49, 32
50, 32
50, 32
51, 32
51, 32
51, 32
50, 32
49, 32
49, 33
48, 33
47, 32
47, 32
47, 32
47, 32
48, 32
49, 32
50, 32
51, 32
52, 32
52, 32
53, 32
53, 32
54, 32
54, 32
41, 38
42, 38
42, 38
43, 38
44, 38
45, 38
45, 38
46, 38
46, 38
47, 38
47, 38
48, 38
48, 38
48, 38
49, 38
49, 39
49, 39
49, 40
49, 40
49, 40
49, 41
49, 42
49, 42
49, 43
49, 43
49, 44
49, 45
49, 45
49, 45
49, 45
48, 45
47, 44
47, 44
47, 44
46, 45
46, 45
46, 45
45, 45
45, 45
44, 45
44, 45
43, 45
41, 45
41, 45
42, 45
42, 45
42, 45
42, 45
41, 45
41, 45
41, 44
41, 44
41, 43
41, 42
41, 41
41, 41
41, 40
41, 39
41, 39
41, 39
42, 39
43, 39
46, 39
47, 39
48, 39
48, 39
47, 39
45, 39
44, 39
44, 39
43, 39
43, 39
42, 40
42, 40
42, 41
42, 41
42, 41
42, 42
42, 42
42, 42
42, 43
43, 43
43, 43
45, 44
46, 44
47, 44
47, 44
47, 44
48, 44
48, 44
47, 45
47, 45
47, 45
47, 43
47, 43
48, 42
48, 42
48, 42
48, 41
48, 40
48, 40
48, 40
48, 42
48, 43
48, 43
47, 42
46, 42
44, 43
43, 44
43, 44
43, 44
45, 44
45, 43
42, 44
42, 44
43, 44
44, 44
45, 44
46, 43
46, 43
46, 43
46, 43
46, 43
47, 43
48, 42
48, 41
48, 41
46, 40
46, 40
46, 40
47, 40
48, 40
47, 41
46, 41
47, 41
46, 41
45, 41
44, 41
44, 42
45, 42
45, 42
45, 42
45, 42
43, 42
43, 42
43, 42
42, 41
42, 41
43, 40
43, 40
43, 40
44, 40
44, 40
44, 40
45, 40
45, 40
44, 40
44, 40
44, 40
44, 40
44, 40
43, 41
43, 41
46, 31
36, 38
36, 38
37, 38
37, 38
37, 38
38, 38
38, 38
39, 38
39, 38
39, 38
39, 38
39, 38
39, 39
39, 39
39, 39
38, 39
38, 39
38, 39
37, 39
36, 39
36, 39
36, 39
36, 39
36, 40
36, 40
36, 40
37, 40
37, 40
38, 40
39, 40
39, 40
39, 40
39, 41
39, 42
39, 42
39, 43
39, 44
39, 44
39, 45
39, 45
38, 45
38, 45
37, 45
37, 45
37, 45
36, 45
36, 45
36, 45
36, 45
36, 44
36, 44
36, 44
36, 44
36, 42
36, 42
36, 41
36, 41
36, 42
37, 43
37, 44
37, 44
37, 44
36, 43
36, 43
36, 43
36, 43
38, 43
38, 44
38, 43
38, 43
38, 42
37, 41
37, 41
38, 41
37, 41
37, 41
36, 41
37, 42
38, 42
38, 42
37, 42
27, 42
27, 42
28, 42
28, 42
28, 42
30, 42
31, 42
32, 42
32, 42
32, 42
31, 42
29, 42
29, 42
28, 42
28, 42
28, 42
28, 43
29, 43
29, 43
29, 44
29, 44
29, 44
29, 44
28, 44
28, 44
27, 44
27, 44
27, 43
27, 43
28, 43
29, 43
30, 43
31, 43
32, 43
33, 43
33, 43
34, 43
34, 43
34, 42
33, 42
33, 42
33, 42
33, 42
33, 43
34, 43
34, 44
33, 44
33, 44
32, 44
32, 44
31, 44
31, 44
30, 44
29, 44
27, 38
27, 38
27, 38
28, 38
29, 38
30, 38
31, 38
32, 38
32, 38
33, 38
33, 38
34, 38
34, 38
34, 38
34, 39
34, 39
34, 39
33, 39
29, 39
29, 39
30, 39
30, 39
30, 39
31, 39
32, 39
33, 39
33, 39
32, 39
30, 39
29, 39
28, 39
28, 39
28, 39
27, 39
27, 39
27, 39
27, 39
27, 39
27, 40
28, 40
28, 40
28, 40
29, 40
29, 40
30, 40
30, 40
31, 40
31, 40
31, 40
31, 40
32, 40
33, 40
33, 40
33, 40
34, 40
34, 40
34, 40
27, 49
28, 49
29, 49
29, 48
29, 48
30, 49
30, 49
31, 49
31, 48
31, 48
29, 48
29, 48
29, 48
30, 48
30, 48
30, 48
29, 48
28, 48
28, 48
28, 48
28, 48
27, 48
27, 48
27, 48
27, 48
27, 47
27, 46
27, 46
27, 46
28, 46
29, 46
29, 46
30, 46
30, 46
30, 46
31, 46
31, 46
31, 47
31, 47
30, 47
30, 47
29, 47
29, 47
28, 47
28, 47
27, 51
27, 51
28, 51
28, 51
30, 51
30, 51
30, 51
31, 51
32, 52
32, 52
32, 52
32, 52
32, 51
32, 51
32, 51
29, 51
32, 52
32, 52
31, 53
31, 53
30, 52
31, 52
31, 52
31, 52
31, 52
31, 52
30, 52
29, 52
29, 52
28, 52
28, 52
28, 52
27, 52
27, 52
27, 52
27, 52
27, 53
27, 53
27, 53
28, 53
28, 53
29, 53
30, 53
31, 53
32, 53
32, 53
32, 53
32, 53
32, 54
32, 54
32, 54
32, 55
32, 55
31, 55
31, 55
30, 55
29, 55
28, 55
28, 55
28, 55
27, 55
27, 55
27, 54
27, 54
30, 54
30, 54
31, 54
30, 54
30, 54
30, 54
30, 54
29, 54
28, 54
28, 54
28, 54
28, 54
27, 54
27, 55
27, 56
27, 56
27, 56
27, 57
27, 57
27, 57
27, 58
28, 58
28, 58
28, 58
29, 58
30, 58
31, 58
31, 58
31, 58
32, 58
32, 58
32, 57
32, 57
32, 57
32, 56
32, 55
32, 55
32, 55
31, 56
31, 56
31, 57
31, 57
30, 57
30, 57
29, 56
29, 55
28, 56
28, 57
28, 57
29, 56
29, 56
29, 56
29, 56
29, 57
31, 56
30, 56
30, 56
27, 60
27, 60
28, 60
28, 60
28, 60
29, 60
30, 60
31, 60
32, 60
32, 60
32, 60
32, 61
32, 61
32, 61
29, 61
29, 61
29, 61
30, 61
31, 61
31, 61
30, 61
29, 61
27, 61
27, 61
27, 61
27, 61
27, 61
28, 61
27, 62
27, 62
27, 62
27, 62
28, 62
29, 62
29, 62
30, 62
30, 62
31, 61
32, 61
32, 61
32, 62
32, 62
31, 63
31, 62
31, 62
31, 62
31, 63
31, 64
32, 63
32, 63
32, 63
32, 64
32, 64
28, 64
28, 64
29, 63
29, 63
30, 63
30, 63
29, 63
29, 63
30, 63
29, 63
29, 64
30, 64
29, 64
27, 63
27, 63
27, 64
27, 64
27, 64
29, 63
28, 63
28, 63
28, 63
29, 63
28, 63
27, 64
27, 65
27, 65
27, 67
27, 67
27, 68
27, 68
27, 67
27, 67
27, 66
27, 66
28, 65
29, 65
29, 65
30, 65
30, 65
30, 65
31, 64
31, 64
31, 64
32, 65
32, 65
32, 65
32, 65
32, 65
31, 65
31, 65
31, 66
32, 66
32, 67
32, 67
32, 67
31, 67
31, 67
30, 67
29, 67
28, 67
28, 66
29, 66
30, 66
28, 68
29, 68
29, 68
31, 68
31, 68
32, 68
30, 68
30, 68
30, 68
30, 68
32, 69
32, 69
32, 70
32, 70
32, 70
32, 70
29, 70
29, 70
29, 70
30, 70
31, 70
31, 69
29, 69
29, 69
30, 69
28, 70
28, 70
27, 69
27, 69
27, 70
28, 69
27, 71
27, 71
27, 71
29, 71
29, 71
30, 71
30, 71
30, 71
31, 71
31, 71
31, 71
31, 71
31, 71
31, 71
32, 71
32, 71
32, 71
32, 72
32, 72
32, 73
32, 73
32, 73
32, 73
31, 73
31, 73
31, 73
30, 73
29, 73
28, 73
28, 73
28, 73
28, 73
27, 72
27, 72
27, 72
28, 72
28, 72
29, 72
30, 72
31, 72
31, 72
30, 72
29, 72
28, 71
28, 71
28, 71
27, 74
27, 74
28, 74
28, 74
29, 74
29, 74
30, 74
31, 74
31, 74
31, 74
32, 74
32, 74
27, 73
34, 71
34, 71
35, 71
35, 71
35, 71
36, 71
36, 71
37, 71
37, 71
38, 71
38, 71
38, 71
38, 71
38, 71
38, 72
38, 72
38, 72
38, 73
38, 74
38, 74
38, 74
38, 74
38, 74
37, 74
37, 74
36, 74
35, 74
35, 74
35, 74
34, 73
34, 73
35, 72
35, 72
34, 72
35, 72
35, 71
36, 72
36, 72
36, 72
36, 72
37, 72
37, 73
37, 73
37, 73
36, 73
35, 73
35, 73
34, 74
34, 74
75, 77
75, 76
74, 76
74, 76
74, 76
73, 76
73, 77
73, 77
74, 77
74, 77
74, 77
74, 77
55, 76
55, 76
56, 76
56, 76
56, 76
57, 76
57, 76
58, 76
59, 76
60, 76
62, 76
62, 76
63, 76
65, 76
66, 76
68, 76
69, 76
70, 76
71, 76
71, 76
71, 77
71, 77
71, 77
71, 77
71, 77
71, 77
71, 77
70, 77
70, 77
69, 77
68, 77
68, 77
68, 77
69, 77
68, 77
68, 77
67, 77
67, 77
67, 77
67, 76
67, 76
67, 76
67, 76
66, 76
65, 76
64, 76
63, 76
62, 76
62, 76
61, 76
61, 76
61, 76
55, 77
56, 77
56, 77
56, 76
57, 76
57, 76
57, 76
58, 76
58, 76
58, 76
57, 77
56, 77
57, 77
58, 77
59, 77
60, 77
61, 77
62, 77
63, 77
64, 77
64, 77
65, 77
67, 77
67, 77
67, 77
66, 77
66, 77
66, 77
68, 77
71, 77
71, 77
71, 77
70, 77
71, 78
71, 78
71, 78
71, 78
71, 78
71, 78
70, 78
70, 78
70, 78
69, 78
69, 78
69, 78
67, 78
67, 78
66, 78
65, 78
64, 78
64, 78
63, 78
62, 78
61, 78
60, 78
59, 78
59, 78
58, 78
57, 78
56, 78
56, 78
56, 78
55, 78
55, 78
55, 78
55, 78
55, 78
55, 78
55, 79
55, 79
55, 79
55, 79
55, 80
55, 80
55, 80
55, 80
56, 81
56, 81
57, 81
55, 81
55, 81
56, 81
56, 80
56, 80
55, 80
57, 79
57, 79
56, 80
56, 80
56, 80
56, 79
56, 79
58, 80
58, 80
58, 79
58, 79
58, 79
59, 79
57, 80
57, 80
57, 80
57, 80
58, 81
58, 81
59, 81
59, 81
61, 81
61, 81
61, 81
61, 81
62, 81
62, 81
62, 80
61, 81
60, 81
60, 81
60, 81
61, 80
62, 80
61, 80
61, 80
61, 80
62, 80
61, 80
61, 79
62, 79
61, 79
62, 79
62, 79
60, 80
62, 79
62, 79
62, 79
62, 79
60, 80
59, 80
59, 80
60, 80
61, 79
60, 80
61, 79
62, 78
63, 78
65, 77
66, 77
67, 77
68, 77
68, 77
68, 78
68, 78
68, 78
67, 78
64, 80
61, 79
60, 79
60, 79
62, 79
62, 79
64, 79
64, 79
65, 79
65, 79
63, 80
63, 80
63, 79
64, 79
63, 79
63, 79
63, 80
63, 81
63, 81
64, 81
64, 81
64, 81
64, 81
64, 81
65, 81
65, 80
66, 80
67, 80
67, 80
67, 80
68, 80
69, 80
71, 80
72, 81
74, 81
74, 81
74, 81
74, 81
75, 80
75, 80
75, 80
75, 79
75, 79
75, 79
75, 79
75, 79
74, 79
73, 79
72, 79
68, 79
68, 79
68, 79
67, 79
65, 79
66, 79
66, 79
66, 79
66, 79
70, 78
69, 78
69, 78
69, 79
69, 79
70, 79
70, 79
70, 79
70, 80
70, 80
70, 80
71, 79
71, 79
71, 79
72, 79
72, 79
72, 80
72, 80
73, 80
74, 80
74, 80
74, 80
75, 80
75, 80
75, 81
75, 81
75, 81
74, 81
74, 81
73, 81
69, 81
69, 81
67, 81
67, 81
67, 81
67, 81
68, 81
66, 81
70, 81
70, 81
71, 80
71, 80
71, 81
71, 81
72, 73
72, 73
73, 73
73, 73
74, 73
74, 73
75, 73
75, 73
75, 73
75, 74
75, 74
75, 74
75, 74
75, 74
74, 74
74, 74
73, 74
73, 74
72, 74
83, 75
83, 75
82, 75
82, 75
82, 75
81, 75
81, 75
82, 74
82, 74
82, 74
82, 74
83, 74
83, 74
81, 74
79, 74
79, 74
79, 75
79, 76
79, 76
79, 76
79, 76
79, 76
78, 76
78, 76
78, 76
77, 76
77, 75
78, 75
78, 75
79, 75
78, 75
78, 75
78, 75
78, 74
78, 74
78, 74
77, 74
77, 74
77, 74
77, 75
77, 76
77, 77
77, 77
77, 78
77, 78
77, 79
77, 79
77, 80
77, 80
77, 80
77, 81
77, 81
77, 81
78, 81
78, 81
79, 81
79, 81
79, 80
80, 79
79, 78
79, 77
79, 76
79, 77
78, 78
78, 79
78, 80
78, 80
79, 79
79, 79
79, 79
78, 78
78, 77
78, 77
78, 76
78, 76
78, 77
79, 77
79, 77
79, 77
80, 77
80, 77
80, 77
81, 77
81, 77
82, 77
82, 77
83, 77
83, 77
83, 77
83, 77
83, 77
83, 78
83, 78
83, 78
83, 79
83, 79
83, 80
83, 80
83, 80
83, 80
83, 81
82, 81
82, 81
82, 81
82, 81
82, 81
82, 81
82, 81
81, 81
80, 81
80, 81
80, 80
81, 79
81, 80
81, 80
82, 79
81, 80
82, 79
81, 80
81, 80
82, 79
82, 79
82, 80
82, 80
82, 79
82, 78
82, 78
81, 78
80, 78
80, 78
80, 78
68, 69
68, 69
68, 69
65, 69
65, 69
65, 69
65, 69
64, 69
64, 69
64, 69
63, 69
63, 69
63, 69
64, 69
65, 69
66, 69
66, 69
67, 69
67, 69
67, 69
68, 68
68, 68
68, 68
68, 68
68, 67
68, 66
68, 65
68, 65
68, 64
68, 63
68, 61
68, 61
68, 61
68, 60
67, 60
67, 61
67, 61
68, 62
68, 63
68, 62
67, 61
67, 62
67, 63
67, 64
67, 65
67, 66
67, 67
67, 67
67, 68
67, 68
67, 68
66, 68
65, 68
65, 68
65, 68
65, 68
65, 68
64, 68
64, 68
64, 68
64, 68
63, 68
63, 68
63, 68
63, 68
63, 67
63, 67
63, 67
63, 66
63, 66
63, 66
63, 65
63, 65
63, 65
63, 64
63, 63
63, 63
63, 63
63, 62
63, 62
63, 61
63, 61
63, 60
63, 60
63, 60
64, 60
64, 60
65, 60
66, 60
66, 60
66, 60
66, 62
66, 64
66, 66
66, 64
66, 63
66, 66
66, 66
66, 65
66, 65
66, 67
66, 67
66, 65
66, 65
66, 66
65, 66
65, 64
65, 65
64, 68
65, 66
65, 66
64, 66
65, 65
64, 67
66, 66
64, 67
64, 67
65, 67
65, 67
65, 68
65, 66
64, 65
64, 64
64, 62
64, 62
64, 61
64, 61
64, 61
65, 61
65, 61
66, 61
66, 62
66, 61
66, 61
65, 62
64, 61
64, 61
64, 61
64, 63
65, 62
64, 62
64, 63
65, 63
65, 63
63, 50
64, 50
64, 51
64, 51
65, 51
66, 50
67, 50
68, 50
68, 50
68, 50
68, 51
68, 52
68, 52
68, 53
68, 53
68, 53
67, 52
67, 52
67, 52
66, 52
67, 52
67, 51
67, 51
66, 51
65, 51
65, 51
65, 50
65, 50
65, 50
64, 51
64, 51
64, 51
64, 51
64, 51
64, 51
63, 51
64, 51
64, 51
64, 51
64, 52
64, 52
64, 52
65, 52
65, 53
65, 52
65, 52
64, 52
63, 51
63, 52
63, 52
63, 53
63, 53
63, 53
64, 53
64, 53
66, 53
67, 53
68, 53
67, 53
68, 53
68, 54
68, 55
68, 55
68, 55
68, 56
67, 56
67, 56
67, 56
65, 56
65, 56
65, 56
64, 56
64, 56
64, 56
63, 56
63, 55
63, 55
65, 54
65, 54
65, 54
65, 54
65, 54
64, 54
64, 55
64, 55
64, 55
65, 55
65, 55
66, 55
65, 55
63, 54
63, 54
63, 54
63, 54
64, 54
66, 54
67, 55
67, 54
67, 55
66, 55
66, 56
66, 56
66, 56
66, 57
67, 57
67, 57
67, 57
67, 57
67, 57
68, 57
68, 57
68, 57
68, 58
68, 58
67, 58
66, 58
66, 58
66, 58
66, 58
65, 58
64, 58
64, 58
63, 58
63, 58
63, 57
63, 57
64, 57
65, 57
65, 57
78, 64
79, 64
80, 64
80, 64
80, 64
81, 64
81, 64
81, 64
81, 64
82, 64
82, 64
82, 64
83, 64
83, 64
83, 64
83, 64
83, 65
83, 65
83, 65
82, 65
82, 65
82, 65
81, 65
81, 65
81, 65
80, 65
79, 65
79, 65
78, 65
78, 65
78, 66
78, 66
78, 66
78, 66
78, 67
78, 68
78, 69
78, 69
78, 69
78, 69
79, 69
80, 69
80, 69
81, 69
81, 69
81, 69
81, 69
81, 69
82, 69
82, 69
82, 69
82, 69
82, 69
82, 69
83, 69
83, 68
83, 68
83, 67
83, 66
83, 66
83, 65
81, 66
81, 66
82, 66
82, 67
81, 68
82, 67
82, 67
82, 69
82, 69
82, 68
82, 68
81, 68
82, 68
82, 67
81, 68
81, 67
81, 67
81, 68
80, 68
83, 66
83, 66
83, 66
82, 67
81, 68
81, 68
82, 67
80, 68
81, 67
79, 68
79, 68
80, 66
79, 67
79, 66
79, 66
79, 66
79, 67
80, 67
80, 67
80, 67
73, 66
73, 66
74, 66
75, 66
75, 66
75, 66
76, 66
76, 65
76, 65
76, 65
76, 66
76, 66
76, 67
76, 67
76, 67
76, 68
76, 69
76, 69
76, 69
75, 69
75, 69
74, 69
74, 69
73, 69
73, 69
73, 69
73, 68
73, 67
73, 67
73, 67
73, 67
73, 68
74, 68
74, 68
74, 68
74, 68
74, 67
74, 67
74, 67
74, 67
75, 68
75, 68
75, 67
75, 67
75, 67
76, 63
76, 63
76, 63
76, 63
75, 63
75, 63
74, 63
74, 64
74, 64
74, 64
74, 64
73, 64
73, 64
73, 64
73, 63
73, 62
73, 62
73, 61
74, 61
74, 61
74, 61
75, 61
76, 61
76, 61
76, 61
76, 61
76, 61
76, 62
75, 62
75, 62
75, 62
74, 62
74, 62
74, 62
73, 57
74, 57
74, 57
75, 57
75, 57
75, 57
76, 58
76, 58
76, 57
76, 57
76, 57
76, 57
76, 58
76, 58
74, 58
74, 58
75, 58
75, 58
75, 58
75, 58
74, 58
74, 58
73, 58
73, 58
73, 58
76, 55
76, 55
75, 55
74, 54
73, 54
73, 54
74, 56
74, 56
74, 56
74, 55
73, 55
73, 53
73, 53
74, 53
74, 53
75, 53
75, 53
76, 53
76, 53
76, 53
76, 53
76, 53
76, 53
76, 53
76, 54
76, 54
76, 54
75, 54
75, 54
73, 56
73, 56
74, 56
74, 56
74, 56
74, 56
74, 56
76, 56
76, 56
75, 56
73, 60
73, 60
73, 60
74, 60
74, 60
74, 60
74, 60
75, 60
75, 60
75, 60
75, 60
75, 60
75, 60
75, 60
76, 60
73, 50
73, 50
74, 50
75, 50
75, 50
76, 50
76, 50
78, 50
79, 50
79, 50
81, 50
82, 50
83, 50
83, 50
83, 50
83, 50
83, 50
83, 50
83, 51
83, 51
83, 51
83, 52
83, 52
83, 53
83, 53
83, 54
83, 55
83, 56
83, 57
83, 58
83, 58
83, 59
83, 61
83, 61
83, 61
83, 62
83, 62
83, 62
83, 62
83, 62
83, 61
83, 61
83, 61
83, 60
83, 61
83, 61
83, 61
83, 61
82, 62
82, 62
82, 62
82, 62
78, 62
78, 62
79, 62
80, 62
80, 61
80, 61
80, 61
81, 62
81, 62
81, 62
81, 62
77, 50
77, 50
77, 50
78, 50
79, 50
80, 50
80, 50
80, 50
81, 52
82, 52
82, 51
82, 51
82, 51
81, 51
81, 51
80, 51
80, 51
80, 51
80, 51
80, 51
79, 51
79, 51
79, 51
78, 51
78, 51
78, 51
77, 51
76, 51
76, 51
75, 51
75, 51
74, 51
74, 51
74, 51
74, 51
74, 51
73, 51
78, 52
79, 52
80, 52
81, 52
81, 52
81, 53
82, 54
82, 55
82, 56
82, 58
81, 59
81, 60
81, 61
81, 61
81, 61
82, 61
83, 61
83, 61
82, 60
82, 60
82, 59
82, 59
82, 58
82, 57
83, 56
83, 56
83, 55
83, 54
82, 54
82, 53
82, 53
81, 53
81, 53
81, 55
82, 57
82, 57
82, 57
81, 58
81, 58
81, 58
81, 58
81, 57
81, 55
81, 54
81, 54
81, 54
81, 54
81, 54
81, 55
81, 56
81, 56
81, 57
81, 58
81, 58
81, 60
81, 60
81, 60
81, 60
81, 60
81, 60
80, 60
80, 59
80, 58
80, 58
80, 58
80, 58
80, 57
80, 56
80, 56
80, 56
80, 55
80, 54
80, 54
80, 53
79, 53
79, 61
79, 61
79, 54
79, 54
79, 54
79, 55
79, 56
79, 57
79, 58
79, 58
79, 59
79, 59
79, 60
79, 60
79, 60
79, 61
79, 61
78, 61
78, 61
78, 60
79, 58
79, 57
79, 57
79, 57
79, 56
79, 55
79, 55
79, 54
79, 54
79, 53
79, 53
78, 53
78, 53
78, 53
78, 54
78, 54
78, 54
78, 54
78, 55
78, 55
78, 56
78, 56
78, 57
78, 58
78, 58
78, 58
78, 59
78, 59
78, 62
80, 44
81, 44
81, 44
82, 44
82, 44
83, 44
83, 46
83, 46
83, 45
83, 45
83, 45
82, 45
82, 45
82, 45
82, 46
82, 46
82, 46
82, 46
81, 46
81, 46
81, 45
81, 45
81, 45
80, 45
80, 46
80, 47
80, 47
80, 47
80, 47
80, 47
80, 47
81, 48
81, 48
81, 48
81, 48
82, 48
82, 48
82, 48
83, 48
83, 48
82, 47
82, 47
81, 47
82, 47
82, 47
83, 47
82, 47
81, 48
81, 48
80, 48
80, 48
80, 48
73, 35
73, 35
73, 35
74, 35
74, 35
75, 35
75, 35
76, 35
76, 35
77, 35
77, 35
78, 35
79, 35
79, 35
78, 33
77, 33
77, 33
77, 33
77, 32
77, 31
78, 31
78, 31
78, 32
78, 32
78, 32
78, 32
80, 42
80, 41
80, 41
80, 39
80, 39
80, 39
80, 37
80, 36
80, 35
80, 35
80, 34
80, 33
80, 32
80, 32
80, 31
80, 31
80, 31
81, 31
81, 31
82, 31
82, 31
82, 31
82, 31
82, 31
82, 31
83, 31
83, 31
83, 31
83, 32
83, 32
83, 32
83, 32
83, 33
83, 33
83, 34
83, 35
83, 36
83, 37
82, 38
82, 38
82, 39
82, 40
82, 40
82, 41
82, 41
82, 42
83, 42
83, 42
81, 41
81, 41
81, 39
81, 39
80, 39
80, 40
80, 41
80, 42
80, 42
81, 42
81, 41
81, 41
81, 41
81, 41
81, 40
81, 37
81, 37
81, 38
81, 38
81, 38
81, 38
80, 38
80, 38
80, 37
81, 37
81, 37
81, 35
82, 34
82, 34
82, 32
82, 32
82, 33
83, 35
83, 36
82, 36
82, 37
82, 37
82, 36
82, 35
82, 36
82, 36
82, 35
81, 36
81, 36
81, 35
81, 34
81, 34
81, 33
81, 33
81, 32
81, 32
81, 32
83, 37
83, 37
83, 38
83, 39
83, 39
83, 40
83, 40
83, 40
83, 40
83, 41
83, 41
83, 41
83, 41
72, 33
72, 33
73, 33
73, 33
73, 33
74, 32
74, 32
74, 32
74, 32
74, 32
74, 32
74, 33
74, 32
75, 32
75, 32
75, 32
75, 31
75, 31
75, 31
74, 31
74, 31
74, 31
73, 31
72, 31
71, 31
69, 31
69, 31
69, 31
70, 31
70, 31
70, 31
69, 32
69, 32
69, 32
68, 32
68, 32
68, 32
68, 32
66, 32
65, 32
64, 32
64, 32
65, 32
65, 32
66, 32
67, 32
68, 32
67, 32
67, 32
67, 32
68, 32
68, 32
68, 31
68, 31
67, 31
66, 31
65, 31
65, 31
65, 31
64, 31
64, 31
63, 31
63, 31
63, 31
63, 32
63, 32
63, 32
63, 32
65, 32
66, 32
67, 32
68, 32
69, 32
70, 32
71, 32
71, 32
72, 32
73, 32
73, 32
72, 32
71, 32
71, 32
71, 32
70, 33
70, 33
70, 33
71, 33
71, 33
71, 32
71, 33
71, 34
71, 34
71, 35
71, 35
70, 35
70, 35
69, 35
69, 35
69, 35
68, 35
63, 34
63, 34
63, 33
63, 33
64, 32
64, 32
65, 32
66, 33
66, 33
67, 33
67, 33
68, 33
68, 33
69, 33
69, 33
69, 33
70, 33
70, 34
70, 34
69, 34
68, 34
68, 34
67, 34
67, 34
67, 34
66, 34
66, 34
66, 34
66, 34
65, 34
65, 34
64, 33
64, 33
64, 33
65, 33
67, 35
66, 35
65, 35
64, 35
64, 35
64, 35
64, 35
63, 35
63, 35
64, 34
64, 34
63, 37
63, 37
64, 37
64, 37
64, 37
65, 37
65, 37
66, 37
66, 37
66, 37
67, 37
67, 37
68, 37
69, 37
69, 37
69, 37
70, 37
71, 37
71, 38
71, 38
71, 39
71, 39
71, 40
71, 40
70, 40
70, 40
70, 40
70, 41
70, 41
70, 40
70, 40
69, 39
69, 39
69, 39
70, 38
69, 39
70, 39
70, 38
70, 38
69, 39
69, 39
69, 39
70, 39
70, 39
70, 39
70, 38
68, 40
68, 40
68, 40
68, 41
68, 41
68, 41
67, 42
68, 38
68, 41
67, 41
68, 40
68, 38
68, 38
69, 41
69, 42
69, 39
69, 39
69, 39
69, 38
69, 38
68, 39
67, 39
66, 38
66, 38
66, 38
66, 38
66, 38
66, 38
66, 38
67, 40
67, 38
67, 38
67, 38
67, 38
67, 38
66, 39
66, 39
66, 39
64, 39
64, 38
64, 38
65, 38
65, 39
65, 39
64, 39
64, 39
63, 38
63, 38
63, 38
63, 39
63, 40
63, 40
63, 41
64, 41
65, 42
65, 42
66, 41
66, 41
64, 41
64, 41
64, 40
65, 40
65, 40
65, 40
65, 40
65, 40
65, 41
65, 41
65, 41
66, 41
68, 40
68, 40
68, 40
69, 40
69, 40
69, 40
68, 40
66, 40
66, 40
65, 40
65, 40
65, 40
68, 40
69, 41
70, 41
70, 41
70, 41
71, 42
71, 41
71, 41
71, 41
71, 41
70, 42
70, 42
70, 43
70, 42
69, 42
69, 42
68, 42
67, 42
67, 42
66, 42
66, 42
65, 42
65, 42
64, 42
64, 42
64, 42
64, 42
64, 42
64, 42
64, 42
63, 41
63, 43
63, 43
63, 43
63, 43
63, 43
63, 42
63, 42
63, 42
64, 42
64, 42
64, 43
64, 43
65, 43
65, 43
66, 43
67, 43
68, 43
69, 43
70, 43
70, 43
71, 43
71, 43
71, 43
71, 43
71, 44
71, 44
71, 44
71, 44
71, 45
71, 45
66, 45
66, 45
67, 45
68, 45
68, 45
68, 45
69, 45
69, 45
70, 45
71, 44
69, 44
69, 44
69, 44
69, 44
69, 44
70, 44
70, 44
67, 44
67, 44
67, 44
68, 44
68, 44
66, 44
65, 44
64, 44
64, 44
64, 45
64, 45
64, 45
64, 45
64, 45
65, 45
65, 45
63, 44
63, 44
63, 45
73, 45
73, 45
74, 45
75, 45
76, 45
76, 45
76, 45
77, 45
77, 45
78, 44
78, 44
78, 44
78, 44
78, 44
78, 44
78, 44
78, 44
78, 45
78, 45
78, 45
78, 45
78, 44
77, 44
77, 44
77, 44
76, 44
76, 44
75, 44
75, 44
75, 44
73, 44
73, 44
73, 43
74, 43
74, 43
74, 44
74, 44
74, 44
74, 44
76, 43
76, 43
76, 43
77, 43
77, 43
77, 43
77, 43
78, 42
78, 42
78, 43
78, 43
78, 43
78, 43
78, 43
78, 43
78, 42
78, 41
77, 41
77, 41
76, 41
75, 41
74, 41
74, 42
74, 42
74, 42
74, 43
75, 43
75, 43
76, 42
76, 42
77, 42
77, 42
77, 42
76, 42
75, 42
74, 42
74, 42
73, 42
73, 41
73, 41
73, 41
73, 41
73, 40
73, 40
73, 39
73, 39
73, 39
73, 38
73, 38
73, 37
73, 37
74, 37
75, 37
75, 37
76, 37
76, 37
76, 37
77, 37
77, 37
77, 37
78, 37
78, 37
78, 37
78, 37
78, 38
78, 38
78, 39
78, 40
78, 40
78, 41
78, 40
78, 40
77, 40
77, 39
77, 40
77, 40
77, 40
76, 40
77, 40
77, 39
76, 40
77, 38
75, 40
76, 39
77, 39
76, 39
75, 40
75, 40
75, 39
76, 39
74, 40
74, 40
74, 39
75, 38
75, 38
74, 39
76, 37
76, 37
77, 37
76, 37
76, 38
76, 38
76, 38
77, 38
75, 38
74, 38
74, 38
34, 60
34, 60
34, 60
34, 60
37, 60
38, 60
38, 60
40, 60
42, 60
43, 61
43, 62
41, 63
41, 63
43, 62
44, 63
40, 64
39, 64
42, 62
44, 64
40, 65
44, 62
46, 66
43, 66
43, 63
45, 65
41, 66
39, 62
40, 64
40, 64
42, 64
43, 64
41, 63
41, 63
36, 61
36, 61
36, 61
36, 61
36, 61
36, 61
36, 60
36, 60
36, 60
35, 60
35, 60
35, 60
35, 60
35, 60
34, 61
34, 61
34, 61
34, 62
35, 62
35, 61
35, 61
35, 61
35, 62
36, 63
36, 63
37, 63
38, 62
37, 62
36, 62
38, 61
38, 61
36, 62
36, 62
36, 62
35, 63
34, 63
35, 64
35, 64
35, 64
35, 63
35, 63
35, 63
35, 64
35, 64
34, 65
34, 65
34, 65
34, 66
34, 66
34, 67
34, 67
34, 67
34, 68
34, 68
34, 69
35, 69
35, 69
35, 69
36, 69
36, 69
37, 69
38, 69
39, 69
40, 69
41, 69
42, 69
42, 69
41, 69
41, 69
40, 68
40, 67
41, 67
41, 67
40, 67
42, 67
41, 68
41, 67
41, 68
40, 67
39, 67
40, 68
36, 69
39, 67
37, 68
39, 67
40, 67
38, 68
38, 68
39, 68
38, 68
39, 68
40, 67
37, 68
38, 67
37, 67
38, 67
34, 68
36, 67
36, 67
36, 67
35, 68
35, 67
36, 67
35, 68
36, 68
36, 68
36, 68
35, 67
35, 66
35, 65
34, 64
34, 64
34, 64
34, 64
34, 64
34, 64
35, 65
36, 65
36, 63
36, 62
37, 61
37, 60
37, 60
37, 60
37, 60
37, 60
37, 61
38, 61
39, 60
40, 60
42, 60
44, 61
46, 61
48, 60
45, 60
42, 60
40, 60
40, 60
40, 60
41, 61
41, 62
40, 62
39, 62
40, 61
40, 62
39, 62
39, 62
39, 62
39, 62
39, 63
38, 63
38, 64
38, 64
38, 64
37, 64
35, 64
36, 64
36, 65
36, 65
36, 65
36, 66
36, 66
36, 67
37, 66
37, 66
37, 64
37, 65
37, 65
38, 65
38, 65
38, 65
38, 66
38, 66
39, 66
39, 66
39, 66
38, 66
38, 66
38, 66
39, 66
39, 66
39, 66
39, 65
39, 65
38, 64
40, 65
40, 66
40, 66
39, 64
39, 63
39, 61
40, 61
39, 61
39, 61
40, 62
40, 63
41, 64
41, 64
41, 64
41, 65
42, 65
42, 65
42, 65
42, 65
42, 65
42, 66
42, 67
42, 68
42, 68
42, 68
42, 68
42, 66
43, 64
43, 63
42, 63
42, 62
42, 62
41, 60
42, 60
42, 60
42, 60
42, 61
42, 61
43, 61
43, 60
44, 60
44, 60
45, 60
47, 60
48, 60
49, 60
49, 60
49, 60
48, 60
48, 60
47, 60
46, 60
46, 60
46, 60
45, 61
45, 61
45, 61
45, 62
45, 62
45, 63
45, 64
45, 64
45, 65
45, 66
45, 66
43, 65
44, 65
44, 65
44, 65
44, 65
44, 66
44, 66
44, 67
43, 67
43, 67
43, 67
43, 68
43, 68
43, 68
44, 68
43, 69
44, 69
44, 69
44, 69
44, 69
45, 69
45, 69
45, 68
45, 68
45, 67
45, 67
45, 67
45, 66
46, 65
46, 65
46, 64
46, 63
47, 62
47, 62
47, 62
47, 61
47, 61
47, 61
48, 61
48, 61
48, 61
49, 60
49, 60
50, 60
50, 60
50, 60
50, 60
50, 61
50, 61
50, 61
50, 62
50, 63
50, 64
50, 65
50, 66
50, 67
50, 68
50, 68
50, 69
49, 69
49, 69
48, 69
48, 69
47, 69
47, 69
46, 69
46, 69
46, 68
46, 68
47, 68
47, 68
47, 68
48, 68
48, 68
48, 68
48, 68
49, 67
49, 67
48, 67
47, 67
47, 67
47, 67
46, 67
46, 66
47, 65
48, 65
48, 65
48, 65
49, 64
49, 64
49, 64
49, 65
49, 66
48, 67
49, 67
49, 68
49, 68
49, 68
48, 67
48, 66
48, 66
47, 66
47, 66
46, 66
49, 61
49, 61
49, 62
49, 62
50, 63
50, 63
50, 63
49, 63
49, 63
49, 63
48, 64
48, 64
47, 64
48, 64
48, 63
47, 62
47, 63
48, 62
48, 62
48, 62
46, 62
46, 62
46, 62
51, 60
51, 60
52, 60
53, 60
54, 60
55, 60
56, 60
58, 60
60, 60
60, 60
61, 60
61, 60
61, 60
61, 61
61, 61
59, 61
59, 61
58, 61
57, 61
57, 61
56, 61
55, 61
54, 61
52, 61
52, 61
52, 61
52, 61
51, 61
52, 61
52, 61
53, 61
53, 61
54, 61
57, 61
58, 61
57, 60
57, 60
59, 60
59, 60
59, 60
59, 60
60, 61
60, 61
60, 61
61, 62
61, 62
51, 62
52, 62
52, 62
53, 62
53, 62
53, 62
54, 62
55, 62
56, 62
56, 62
57, 62
58, 62
59, 62
59, 62
59, 62
60, 62
60, 62
60, 62
60, 62
61, 63
61, 63
61, 63
61, 63
61, 64
58, 64
57, 64
55, 64
54, 64
52, 64
51, 64
51, 64
51, 63
51, 63
52, 63
53, 63
53, 63
53, 63
53, 63
55, 63
56, 63
57, 63
57, 63
58, 63
58, 63
59, 63
59, 63
60, 63
60, 63
59, 63
59, 64
59, 64
59, 64
60, 64
60, 64
59, 64
56, 64
52, 64
54, 63
54, 63
54, 63
54, 63
53, 64
53, 64
53, 64
51, 65
50, 65
50, 65
51, 65
51, 65
51, 65
51, 65
51, 66
51, 66
51, 66
51, 67
51, 67
51, 67
51, 68
51, 68
51, 68
51, 68
51, 69
52, 69
52, 69
52, 69
52, 69
52, 69
53, 69
53, 69
54, 69
54, 69
54, 69
54, 69
54, 69
55, 69
55, 69
55, 69
56, 69
57, 69
57, 69
58, 69
58, 69
58, 69
58, 69
59, 69
59, 69
60, 69
60, 69
60, 69
61, 69
61, 69
61, 69
61, 68
60, 67
60, 67
60, 67
60, 66
61, 66
61, 65
61, 66
61, 67
61, 67
60, 66
60, 65
60, 66
60, 66
60, 66
60, 66
59, 66
59, 66
60, 67
61, 67
61, 67
60, 67
59, 67
59, 68
60, 68
60, 68
59, 68
59, 68
60, 68
60, 68
58, 68
58, 68
58, 68
58, 68
57, 68
56, 68
55, 68
55, 68
54, 68
52, 68
52, 68
52, 68
54, 67
53, 67
52, 68
53, 68
54, 67
52, 67
53, 67
53, 68
52, 64
52, 64
52, 65
52, 65
52, 65
52, 65
52, 66
53, 66
53, 66
54, 65
53, 65
54, 64
54, 65
53, 65
53, 64
53, 64
54, 65
54, 65
55, 65
55, 66
55, 66
56, 66
56, 66
55, 67
54, 67
56, 66
56, 66
56, 66
54, 66
54, 66
54, 65
56, 66
56, 66
57, 67
57, 67
58, 67
57, 67
55, 67
57, 66
58, 65
58, 65
58, 65
58, 65
59, 65
58, 66
57, 66
57, 66
58, 66
56, 66
56, 66
56, 66
56, 66
56, 67
56, 67
56, 66
57, 66
57, 66
56, 65
56, 65
57, 65
57, 65
